Mag X	Mag Y	Mag Z		
-196.5	639	-6	81.5	327
-204	634.5	-15	74	318
-204	628.5	-7.5	74	325.5
-202.5	628.5	-6	75.5	327
-201	634.5	-9	77	324
-219	639	-7.5	59	325.5
-210	639	-9	68	324
-211.5	636	-13.5	66.5	319.5
-207	625.5	6	71	339
-204	616.5	-6	74	327
-202.5	619.5	6	75.5	339
-196.5	616.5	-6	81.5	327
-229.5	625.5	-36	48.5	297
-225	636	-48	53	285
-231	646.5	-31.5	47	301.5
-234	637.5	-40.5	44	292.5
-223.5	636	-34.5	54.5	298.5
-225	643.5	-43.5	53	289.5
-225	637.5	-39	53	294
-228	652.5	-31.5	50	301.5
-226.5	648	-33	51.5	300
-223.5	637.5	-39	54.5	294
-220.5	646.5	-33	57.5	300
-229.5	643.5	-33	48.5	300
-225	639	-42	53	291
-225	642	-33	53	300
-223.5	640.5	-36	54.5	297
-223.5	634.5	-21	54.5	312
-211.5	645	3	66.5	336
-210	642	-9	68	324
-208.5	640.5	-7.5	69.5	325.5
-220.5	636	-10.5	57.5	322.5
-213	640.5	-12	65	321
-217.5	645	-10.5	60.5	322.5
-217.5	643.5	-24	60.5	309
-232.5	637.5	-34.5	45.5	298.5
-235.5	639	-43.5	42.5	289.5
-237	642	-51	41	282
-240	636	-48	38	285
-235.5	643.5	-15	42.5	318
-223.5	645	-7.5	54.5	325.5
-226.5	640.5	-24	51.5	309
-211.5	651	-3	66.5	330
-202.5	643.5	-6	75.5	327
-201	643.5	-1.5	77	331.5
-208.5	640.5	-4.5	69.5	328.5
-208.5	642	-4.5	69.5	328.5
-205.5	645	-6	72.5	327
-214.5	640.5	-4.5	63.5	328.5
-207	643.5	-6	71	327
-207	646.5	1.5	71	334.5
-213	649.5	3	65	336
-213	639	-18	65	315
-198	640.5	-15	80	318
-180	640.5	-27	98	306
-109.5	643.5	-6	168.5	327
-66	645	-10.5	212	322.5
-70.5	651	-28.5	207.5	304.5
-43.5	651	-40.5	234.5	292.5
-69	651	-102	209	231
-91.5			186.5	333
-114	652.5	-151.5	164	181.5
-109.5	651	-150	168.5	183
-109.5	643.5	-150	168.5	183
-103.5	654	-150	174.5	183
-124.5	655.5	-172.5	153.5	160.5
-133.5	636	-175.5	144.5	157.5
-132	649.5	-174	146	159
-129	642	-171	149	162
-133.5	639	-180	144.5	153
-136.5	645	-178.5	141.5	154.5
-138	640.5	-186	140	147
-130.5	637.5	-183	147.5	150
-139.5	643.5	-190.5	138.5	142.5
-142.5	639	-199.5	135.5	133.5
-148.5	636	-199.5	129.5	133.5
-144	648	-199.5	134	133.5
-150	642	-201	128	132
-147	639	-199.5	131	133.5
-145.5	640.5	-195	132.5	138
-148.5	639	-216	129.5	117
-151.5	645	-213	126.5	120
-151.5	642	-210	126.5	123
-150	637.5	-210	128	123
-142.5	639	-216	135.5	117
-145.5	637.5	-243	132.5	90
-147	633	-267	131	66
-135	639	-271.5	143	61.5
-141	636	-273	137	60
-135	633	-271.5	143	61.5
-133.5	639	-270	144.5	63
-141	634.5	-280.5	137	52.5
-133.5	628.5	-285	144.5	48
-133.5	637.5	-295.5	144.5	37.5
-129	636	-291	149	42
-123	634.5	-295.5	155	37.5
-129	639	-310.5	149	22.5
-126	639	-321	152	12
-124.5	646.5	-336	153.5	-3
-102	655.5	-345	176	-12
-109.5	645	-345	168.5	-12
-109.5	648	-340.5	168.5	-7.5
-118.5	648	-336	159.5	-3
-118.5	645	-331.5	159.5	1.5
-109.5	649.5	-336	168.5	-3
-111	648	-334.5	167	-1.5
-117	642	-336	161	-3
-111	648	-327	167	6
-109.5	639	-330	168.5	3
-111	645	-331.5	167	1.5
-123	645	-327	155	6
-115.5	637.5		162.5	333
-112.5	642	-325.5	165.5	7.5
-112.5	643.5	-330	165.5	3
-117	648	-330	161	3
-115.5	643.5	-324	162.5	9
-111	639	-321	167	12
-118.5	634.5	-330	159.5	3
-112.5	642	-328.5	165.5	4.5
-115.5	631.5	-321	162.5	12
-112.5	640.5	-312	165.5	21
-108	649.5	-307.5	170	25.5
-112.5	634.5	-295.5	165.5	37.5
-108	636	-304.5	170	28.5
-102	642	-298.5	176	34.5
-100.5	636	-288	177.5	45
-120	628.5	-220.5	158	112.5
-123	627	-204	155	129
-115.5	624	-204	162.5	129
-118.5	624	-202.5	159.5	130.5
-120	628.5	-202.5	158	130.5
-118.5	624	-213	159.5	120
-121.5	640.5	-243	156.5	90
-184.5	640.5	-301.5	93.5	31.5
-255	648	-381	23	-48
-352.5	651	-553.5	-74.5	-220.5
-429	649.5	-556.5	-151	-223.5
-432	651	-532.5	-154	-199.5
-439.5	649.5	-567	-161.5	-234
-439.5	642	-651	-161.5	-318
-403.5	661.5	-646.5	-125.5	-313.5
-390	669	-655.5	-112	-322.5
-376.5	663	-687	-98.5	-354
-376.5	676.5	-672	-98.5	-339
-381	669	-657	-103	-324
-379.5	664.5	-669	-101.5	-336
-378	673.5	-664.5	-100	-331.5
-376.5	675		-98.5	333
-381	672	-675	-103	-342
-382.5	673.5	-667.5	-104.5	-334.5
-373.5	679.5	-657	-95.5	-324
-373.5	681	-660	-95.5	-327
-370.5	675	-661.5	-92.5	-328.5
-364.5	678	-669	-86.5	-336
-355.5	676.5	-684	-77.5	-351
-351	672	-696	-73	-363
-339	669	-717	-61	-384
-318	666	-756	-40	-423
-319.5	663	-750	-41.5	-417
-322.5	664.5	-745.5	-44.5	-412.5
-330	670.5	-727.5	-52	-394.5
-327	672	-718.5	-49	-385.5
-331.5	667.5	-717	-53.5	-384
-334.5	673.5	-709.5	-56.5	-376.5
-336	673.5	-709.5	-58	-376.5
-336	666	-700.5	-58	-367.5
-339	681	-699	-61	-366
-333	676.5	-679.5	-55	-346.5
-342	673.5	-670.5	-64	-337.5
-342	681	-675	-64	-342
-339	664.5	-702	-61	-369
-331.5	670.5		-53.5	333
-339	666	-718.5	-61	-385.5
-376.5	666		-98.5	333
-394.5	669	-639	-116.5	-306
-390	672	-625.5	-112	-292.5
-387	667.5	-603	-109	-270
-393	667.5	-609	-115	-276
-396	669	-618	-118	-285
-406.5	666	-595.5	-128.5	-262.5
-409.5	667.5	-577.5	-131.5	-244.5
-409.5	675	-561	-131.5	-228
-409.5	667.5	-568.5	-131.5	-235.5
-408			-130	333
-409.5	661.5	-505.5	-131.5	-172.5
-396	661.5	-490.5	-118	-157.5
-399	676.5	-486	-121	-153
-397.5	664.5	-477	-119.5	-144
-397.5	666	-472.5	-119.5	-139.5
-400.5	672	-478.5	-122.5	-145.5
-402	670.5	-478.5	-124	-145.5
-390	673.5	-481.5	-112	-148.5
-393		-471	-115	-138
-385.5	675	-474	-107.5	-141
-388.5	669	-472.5	-110.5	-139.5
-343.5	676.5	-451.5	-65.5	-118.5
-324	694.5	-459	-46	-126
-340.5	690	-451.5	-62.5	-118.5
-340.5	667.5	-487.5	-62.5	-154.5
-352.5	654	-468	-74.5	-135
-333	625.5	-490.5	-55	-157.5
-408	630	-477	-130	-144
-448.5	634.5	-456	-170.5	-123
-486	651	-346.5	-208	-13.5
-502.5	654	-258	-224.5	75
-516	651	-288	-238	45
-511.5	649.5	-306	-233.5	27
-514.5	649.5	-301.5	-236.5	31.5
-522	648	-321	-244	12
-508.5	643.5	-340.5	-230.5	-7.5
-520.5	648	-334.5	-242.5	-1.5
-520.5	657	-321	-242.5	12
-519	646.5	-327	-241	6
-516	655.5	-321	-238	12
-516	651	-315	-238	18
-519	651	-321	-241	12
-526.5	649.5	-324	-248.5	9
-519	660	-316.5	-241	16.5
-520.5	649.5	-318	-242.5	15
-525	654	-322.5	-247	10.5
-517.5	652.5	-322.5	-239.5	10.5
-517.5	654	-319.5	-239.5	13.5
-519	648	-325.5	-241	7.5
-498	640.5	-358.5	-220	-25.5
-498	637.5	-370.5	-220	-37.5
-504	658.5	-363	-226	-30
-496.5	654	-366	-218.5	-33
-495	646.5	-366	-217	-33
-493.5	655.5	-361.5	-215.5	-28.5
-495	655.5	-361.5	-217	-28.5
-493.5	651	-364.5	-215.5	-31.5
-496.5	651	-369	-218.5	-36
-490.5	651	-364.5	-212.5	-31.5
-496.5	658.5	-358.5	-218.5	-25.5
-490.5	658.5	-363	-212.5	-30
-498	648	-361.5	-220	-28.5
-493.5	660	-358.5	-215.5	-25.5
-493.5	654	-360	-215.5	-27
-493.5	654	-361.5	-215.5	-28.5
-504			-226	333
-499.5	651	-361.5	-221.5	-28.5
-496.5	651	-366	-218.5	-33
-496.5	660	-361.5	-218.5	-28.5
-490.5	657	-360	-212.5	-27
-496.5	655.5	-363	-218.5	-30
-499.5	658.5	-361.5	-221.5	-28.5
-496.5	652.5	-361.5	-218.5	-28.5
-498	655.5	-361.5	-220	-28.5
-493.5	651	-379.5	-215.5	-46.5
-484.5	646.5	-381	-206.5	-48
-493.5	660	-370.5	-215.5	-37.5
-490.5	657	-366	-212.5	-33
-498	652.5	-364.5	-220	-31.5
-496.5	658.5	-367.5	-218.5	-34.5
-492	655.5	-367.5	-214	-34.5
-493.5	652.5	-370.5	-215.5	-37.5
-492	655.5	-375	-214	-42
-501	657	-373.5	-223	-40.5
-487.5	651	-373.5	-209.5	-40.5
-495	660	-381	-217	-48
-487.5	651	-375	-209.5	-42
-490.5	652.5	-367.5	-212.5	-34.5
-490.5	658.5	-376.5	-212.5	-43.5
-436.5	649.5	-405	-158.5	-72
-345	645	-361.5	-67	-28.5
-330	615	-246	-52	87
-327	591	-127.5	-49	205.5
-237	570	-88.5	41	244.5
-231	594	-61.5	47	271.5
-244.5	606	22.5	33.5	355.5
-231	612	51	47	384
-217.5	624	54	60.5	387
-201	619.5	54	77	387
-201	628.5	52.5	77	385.5
-208.5	631.5	49.5	69.5	382.5
-204	624	48	74	381
-211.5	630	46.5	66.5	379.5
-204	627	49.5	74	382.5
-207	621	57	71	390
-204	630	55.5	74	388.5
-204	636	54	74	387
-199.5	619.5	57	78.5	390
-202.5	633	58.5	75.5	391.5
-204	625.5	57	74	390
-199.5	627	55.5	78.5	388.5
-205.5	636	57	72.5	390
-207	622.5	52.5	71	385.5
-201	634.5	55.5	77	388.5
-199.5	630	57	78.5	390
-205.5	633	45	72.5	378
-196.5	634.5	43.5	81.5	376.5
-189	633	52.5	89	385.5
-193.5	622.5	63	84.5	396
-198	625.5	52.5	80	385.5
-202.5	628.5		75.5	333
-204	622.5	51	74	384
-204	631.5	48	74	381
-199.5	627	48	78.5	381
-190.5	625.5	52.5	87.5	385.5
-201	630	52.5	77	385.5
-198	621	45	80	378
-193.5	627	52.5	84.5	385.5
-196.5	628.5	46.5	81.5	379.5
-207	621	37.5	71	370.5
-201	628.5	43.5	77	376.5
-202.5	627	45	75.5	378
-205.5	628.5	42	72.5	375
-204	625.5	43.5	74	376.5
-202.5	630	46.5	75.5	379.5
-204	627	51	74	384
-193.5	627	46.5	84.5	379.5
-201	630	48	77	381
-202.5	624	40.5	75.5	373.5
-199.5	628.5	46.5	78.5	379.5
-204	627	45	74	378
-205.5	619.5	46.5	72.5	379.5
-202.5	627	37.5	75.5	370.5
-201	619.5	40.5	77	373.5
-201	621	37.5	77	370.5
-201	633	33	77	366
-195	630	27	83	360
-189	625.5	25.5	89	358.5
-190.5	627	25.5	87.5	358.5
-196.5	624	30	81.5	363
-198	624	25.5	80	358.5
-196.5	631.5	31.5	81.5	364.5
-196.5	624	22.5	81.5	355.5
-195	621	18	83	351
-193.5	621	21	84.5	354
-189	618	25.5	89	358.5
-184.5	624	30	93.5	363
-180	622.5	21	98	354
-168	619.5	7.5	110	340.5
-163.5	630	9	114.5	342
-169.5	630	18	108.5	351
-169.5	615	15	108.5	348
-154.5	618	12	123.5	345
-126	622.5	9	152	342
-123	625.5	7.5	155	340.5
-115.5	633	7.5	162.5	340.5
-123	625.5	7.5	155	340.5
-129	625.5	4.5	149	337.5
-136.5	634.5	90	141.5	423
-129	643.5	67.5	149	400.5
-30	631.5	120	248	453
15	604.5	189	293	522
24	579	189	302	522
