Mag X	Mag Y	Mag Z		
12	478.5	-100.5	47	-140.5
7.5	472.5	-94.5	42.5	-134.5
15	474	-100.5	50	-140.5
13.5	478.5	-99	48.5	-139
13.5	474	-94.5	48.5	-134.5
12	484.5	-96	47	-136
9	474	-97.5	44	-137.5
16.5	474	-91.5	51.5	-131.5
10.5	484.5	-102	45.5	-142
15	478.5	-96	50	-136
16.5	472.5	-97.5	51.5	-137.5
12	477	-93	47	-133
12	469.5	-99	47	-139
7.5	477	-99	42.5	-139
15	484.5	-96	50	-136
10.5	469.5	-100.5	45.5	-140.5
9	478.5	-96	44	-136
12	478.5	-99	47	-139
12	472.5	-94.5	47	-134.5
10.5	478.5	-96	45.5	-136
6	471	-94.5	41	-134.5
10.5	478.5	-102	45.5	-142
15	475.5	-117	50	-157
9	471	-99	44	-139
9	474	-103.5	44	-143.5
15	487.5	-94.5	50	-134.5
10.5	474	-94.5	45.5	-134.5
12	475.5	-94.5	47	-134.5
	487.5	-90		-130
-168	475.5	-73.5	-133	-113.5
-205.5	477	-30	-170.5	-70
-232.5	465	12	-197.5	-28
-231	472.5	-9	-196	-49
-238.5	477	-27	-203.5	-67
-225	475.5	-36	-190	-76
-237	474	-27	-202	-67
-234	469.5	-37.5	-199	-77.5
-231	462	-40.5	-196	-80.5
-232.5	477	-31.5	-197.5	-71.5
-226.5	469.5	-27	-191.5	-67
-234	474	-31.5	-199	-71.5
-226.5	472.5	-31.5	-191.5	-71.5
-229.5	466.5	-33	-194.5	-73
-232.5	474	-34.5	-197.5	-74.5
-232.5	468	-28.5	-197.5	-68.5
-228	469.5	-33	-193	-73
-226.5	475.5	-31.5	-191.5	-71.5
-228	469.5	-33	-193	-73
-232.5	469.5	-28.5	-197.5	-68.5
-231	477	-30	-196	-70
-232.5	462	-28.5	-197.5	-68.5
-228	466.5	-30	-193	-70
-234	468	-24	-199	-64
-232.5	465	-25.5	-197.5	-65.5
-232.5	474	-27	-197.5	-67
-226.5	459	-30	-191.5	-70
-231	475.5	-30	-196	-70
-231	477	-30	-196	-70
-231	472.5	-34.5	-196	-74.5
-229.5	469.5	-25.5	-194.5	-65.5
-234	474	-28.5	-199	-68.5
-232.5	469.5	-28.5	-197.5	-68.5
-237	466.5	-28.5	-202	-68.5
-235.5	468	-30	-200.5	-70
-234	466.5	-25.5	-199	-65.5
-241.5	484.5	49.5	-206.5	9.5
-195		133.5	-160	93.5
-150	475.5	175.5	-115	135.5
-91.5	472.5	201	-56.5	161
-75	460.5	199.5	-40	159.5
-79.5	481.5	196.5	-44.5	156.5
-76.5	480	196.5	-41.5	156.5
-81	462	222	-46	182
-78	462	229.5	-43	189.5
-72	454.5	226.5	-37	186.5
-66	465	214.5	-31	174.5
-79.5	478.5	211.5	-44.5	171.5
-81	469.5	202.5	-46	162.5
-73.5	475.5	202.5	-38.5	162.5
-72	478.5	196.5	-37	156.5
-79.5	469.5	193.5	-44.5	153.5
-70.5	486	193.5	-35.5	153.5
-70.5	480	195	-35.5	155
-78	471	195	-43	155
-70.5	483	199.5	-35.5	159.5
-78	474	192	-43	152
-70.5	475.5	192	-35.5	152
-81	483	195	-46	155
-73.5	477	193.5	-38.5	153.5
-70.5	480	198	-35.5	158
-73.5	469.5	196.5	-38.5	156.5
-67.5	472.5	190.5	-32.5	150.5
-75	484.5	201	-40	161
-67.5	475.5	189	-32.5	149
-67.5	471	199.5	-32.5	159.5
-70.5	478.5	195	-35.5	155
-66	468	189	-31	149
-81	475.5	193.5	-46	153.5
-72	475.5	198	-37	158
-75	474	198	-40	158
-78	483	193.5	-43	153.5
-72	475.5	199.5	-37	159.5
-75	483	196.5	-40	156.5
-9		178.5	26	138.5
45	457.5	171	80	131
112.5	460.5	124.5	147.5	84.5
127.5	457.5	96	162.5	56
135	444	81	170	41
141	463.5	91.5	176	51.5
135	457.5	96	170	56
141	450	85.5	176	45.5
132	463.5	69	167	29
133.5	459	55.5	168.5	15.5
129	454.5	45	164	5
133.5	459	51	168.5	11
138	451.5	69	173	29
135	463.5	78	170	38
130.5	459	78	165.5	38
133.5	451.5	79.5	168.5	39.5
138	457.5	79.5	173	39.5
141	453	84	176	44
133.5	448.5	88.5	168.5	48.5
132	460.5	88.5	167	48.5
132	448.5	81	167	41
132	453	85.5	167	45.5
135	459	76.5	170	36.5
135	457.5	79.5	170	39.5
136.5	468	69	171.5	29
133.5	451.5	76.5	168.5	36.5
135	456	94.5	170	54.5
142.5	459	93	177.5	53
133.5	453	85.5	168.5	45.5
136.5	456	82.5	171.5	42.5
135	457.5	94.5	170	54.5
139.5	453	102	174.5	62
136.5	459	100.5	171.5	60.5
139.5	460.5	106.5	174.5	66.5
132	454.5	111	167	71
136.5	457.5	106.5	171.5	66.5
132	457.5	109.5	167	69.5
138	454.5	108	173	68
133.5	456	106.5	168.5	66.5
141	445.5	67.5	176	27.5
171	426	-19.5	206	-59.5
81	445.5	-97.5	116	-137.5
21	453	-114	56	-154
9	474	-117	44	-157
19.5	466.5	-126	54.5	-166
7.5	477	-126	42.5	-166
21	471	-148.5	56	-188.5
19.5	468	-141	54.5	-181
22.5	481.5	-127.5	57.5	-167.5
21	480	-135	56	-175
15	475.5	-132	50	-172
16.5	480	-130.5	51.5	-170.5
21	471	-142.5	56	-182.5
21	466.5	-139.5	56	-179.5
19.5	475.5	-141	54.5	-181
18	475.5	-141	53	-181
12	477	-129	47	-169
18	480	-129	53	-169
16.5	477	-126	51.5	-166
19.5	475.5	-132	54.5	-172
13.5	483	-132	48.5	-172
15	474	-130.5	50	-170.5
13.5	483	-130.5	48.5	-170.5
19.5	475.5	-130.5	54.5	-170.5
19.5	474	-129	54.5	-169
16.5	478.5	-130.5	51.5	-170.5
22.5	475.5	-132	57.5	-172
16.5	472.5	-133.5	51.5	-173.5
13.5	477	-130.5	48.5	-170.5
18	474	-132	53	-172
24	477	-127.5	59	-167.5
16.5	481.5	-126	51.5	-166
16.5	474	-129	51.5	-169
12	484.5	-133.5	47	-173.5
18	472.5	-132	53	-172
19.5	471	-135	54.5	-175
18	480	-133.5	53	-173.5
15	480	-124.5	50	-164.5
16.5	475.5	-136.5	51.5	-176.5
16.5	484.5		51.5	
