Mag X	Mag Y	Mag Z			
-135	586.5	-63		142	246
-133.5	573	-67.5		143.5	241.5
-136.5	583.5	-63		140.5	246
-135	577.5	-67.5		142	241.5
-129	577.5	-66		148	243
-136.5	588	-61.5		140.5	247.5
-126	579	-63		151	246
-127.5	583.5	-61.5		149.5	247.5
-138	576	-67.5		139	241.5
-133.5	570	-64.5		143.5	244.5
-168	582	-48		109	261
-160.5	583.5	-40.5		116.5	268.5
-150	598.5	-25.5		127	283.5
-157.5	591	-25.5		119.5	283.5
-163.5	591	-34.5		113.5	274.5
-163.5	592.5	-31.5		113.5	277.5
-160.5	580.5	-36		116.5	273
-169.5	585	-30		107.5	279
-165	603	-4.5		112	304.5
-162	603	-1.5		115	307.5
-168	610.5	1.5		109	310.5
-168	609	-7.5		109	301.5
-168	604.5	1.5		109	310.5
-169.5	609	4.5		107.5	313.5
-153	604.5	6		124	315
-147	622.5	25.5		130	334.5
-139.5	621	22.5		137.5	331.5
-127.5	613.5	40.5		149.5	349.5
-117	618	36		160	345
-105	621	43.5		172	352.5
-82.5	615	25.5		194.5	334.5
-76.5	615	13.5		200.5	322.5
-75	613.5	24		202	333
-60	624	31.5		217	340.5
-60	615	22.5		217	331.5
-45	616.5	25.5		232	334.5
-57	613.5	30		220	339
-43.5	609	15		233.5	324
-43.5	622.5	9		233.5	318
-27		25.5		250	334.5
-15	618	13.5		262	322.5
-25.5	627	-1.5		251.5	307.5
-34.5	612	-24		242.5	285
-36	610.5	-48		241	261
-40.5	628.5	-63		236.5	246
-46.5	615	-96		230.5	213
-48	618	-100.5		229	208.5
-55.5	622.5	-115.5		221.5	193.5
-58.5	618	-112.5		218.5	196.5
-69	625.5	-133.5		208	175.5
-87	618	-142.5		190	166.5
-72	618	-139.5		205	169.5
-49.5	622.5	-136.5		227.5	172.5
-66	618	-157.5		211	151.5
-55.5	619.5	-159		221.5	150
-70.5	619.5	-162		206.5	147
-73.5	615	-166.5		203.5	142.5
-70.5	619.5	-156		206.5	153
-79.5	613.5	-157.5		197.5	151.5
-70.5	627	-157.5		206.5	151.5
-78	612	-162		199	147
-88.5	618	-156		188.5	153
-93	621	-162		184	147
-93	610.5	-160.5		184	148.5
-88.5	612	-160.5		188.5	148.5
-91.5	622.5	-160.5		185.5	148.5
-94.5	606	-160.5		182.5	148.5
-88.5	615	-162		188.5	147
-85.5	616.5	-157.5		191.5	151.5
-96	615	-159		181	150
-90	616.5	-160.5		187	148.5
-93	613.5	-162		184	147
-102	621	-157.5		175	151.5
-93	610.5	-160.5		184	148.5
-93	616.5	-163.5		184	145.5
-87	619.5	-159		190	150
-93	613.5	-157.5		184	151.5
-85.5	616.5	-159		191.5	150
-94.5	616.5	-162		182.5	147
-90	613.5	-157.5		187	151.5
-87	621	-162		190	147
-93	615	-162		184	147
-85.5	612	-157.5		191.5	151.5
-87	618	-154.5		190	154.5
-96	610.5	-160.5		181	148.5
-88.5	616.5	-160.5		188.5	148.5
-88.5	615	-157.5		188.5	151.5
-94.5	619.5	-159		182.5	150
-87	619.5	-156		190	153
-99		-160.5		178	148.5
-90	619.5	-160.5		187	148.5
-91.5	618	-160.5		185.5	148.5
-99	610.5	-160.5		178	148.5
-90	619.5	-156		187	153
-91.5	618	-154.5		185.5	154.5
-90	621	-159		187	150
-90	625.5	-156		187	153
-99	613.5	-159		178	150
-97.5	618	-157.5		179.5	151.5
-93	615	-163.5		184	145.5
-96	615	-162		181	147
-91.5	621	-162		185.5	147
-78	624	-153		199	156
-76.5	621	-160.5		200.5	148.5
-81		-168		196	141
-91.5	627	-181.5		185.5	127.5
-91.5	619.5	-183		185.5	126
-94.5	627	-235.5		182.5	73.5
-103.5	631.5	-246		173.5	63
-96	634.5	-252		181	57
-108	636	-258		169	51
-103.5	630	-259.5		173.5	49.5
-109.5	642	-277.5		167.5	31.5
-117	630	-294		160	15
-127.5	639	-324		149.5	-15
-138	636	-342		139	-33
-147	643.5	-355.5		130	-46.5
-145.5	640.5	-345		131.5	-36
-154.5	642	-357		122.5	-48
-159	639	-355.5		118	-46.5
-168	640.5	-360		109	-51
-172.5	637.5	-357		104.5	-48
-172.5	639	-360		104.5	-51
-174	639	-361.5		103	-52.5
-180	643.5	-357		97	-48
-180	643.5	-361.5		97	-52.5
-192	639	-357		85	-48
-189	639	-355.5		88	-46.5
-204	649.5	-363		73	-54
-207	646.5	-372		70	-63
-213	643.5	-361.5		64	-52.5
-220.5	645	-364.5		56.5	-55.5
-229.5	642	-366		47.5	-57
-226.5	652.5	-373.5		50.5	-64.5
-237	645	-381		40	-72
-258	649.5	-400.5		19	-91.5
-262.5	648	-402		14.5	-93
-273	640.5	-402		4	-93
-280.5	640.5	-406.5		-3.5	-97.5
-303	643.5	-417		-26	-108
-310.5	639	-418.5		-33.5	-109.5
-325.5	643.5	-412.5		-48.5	-103.5
-325.5	640.5	-418.5		-48.5	-109.5
-355.5	643.5	-427.5		-78.5	-118.5
-379.5	640.5	-427.5		-102.5	-118.5
-376.5	640.5	-430.5		-99.5	-121.5
-403.5	643.5	-433.5		-126.5	-124.5
-421.5	639	-450		-144.5	-141
-451.5				-174.5	309
-459	624	-520.5		-182	-211.5
-459	621	-525		-182	-216
-474	633	-525		-197	-216
-471	627	-525		-194	-216
-475.5	625.5	-520.5		-198.5	-211.5
-453	649.5	-522		-176	-213
-450	648	-519		-173	-210
-442.5	643.5	-525		-165.5	-216
-438	646.5	-508.5		-161	-199.5
-433.5	648	-513		-156.5	-204
-441	657	-528		-164	-219
-450	645	-558		-173	-249
-447	646.5	-562.5		-170	-253.5
-451.5	637.5	-585		-174.5	-276
-442.5	630	-639		-165.5	-330
-406.5	643.5	-670.5		-129.5	-361.5
-409.5	646.5	-688.5		-132.5	-379.5
-406.5	639	-684		-129.5	-375
-402	649.5	-672		-125	-363
-399	646.5	-693		-122	-384
-397.5	637.5	-693		-120.5	-384
-391.5	649.5	-682.5		-114.5	-373.5
-397.5	642	-690		-120.5	-381
-397.5	646.5	-696		-120.5	-387
-397.5	645	-693		-120.5	-384
-394.5	640.5	-699		-117.5	-390
-391.5	651	-699		-114.5	-390
-394.5	649.5	-678		-117.5	-369
-390	652.5	-684		-113	-375
-388.5	651	-684		-111.5	-375
-388.5	661.5	-688.5		-111.5	-379.5
-387	655.5	-687		-110	-378
-388.5	645	-679.5		-111.5	-370.5
-388.5	654	-672		-111.5	-363
-397.5	660	-664.5		-120.5	-355.5
-390	652.5	-681		-113	-372
-391.5	655.5	-678		-114.5	-369
-390	664.5	-672		-113	-363
-391.5	660	-663		-114.5	-354
-393				-116	309
-391.5	655.5	-666		-114.5	-357
-393	655.5	-670.5		-116	-361.5
-396	655.5	-664.5		-119	-355.5
-400.5	654	-646.5		-123.5	-337.5
-400.5	664.5	-633		-123.5	-324
-399	675	-591		-122	-282
-397.5	673.5	-574.5		-120.5	-265.5
-402	670.5	-576		-125	-267
-402	663	-586.5		-125	-277.5
-399		-589.5		-122	-280.5
-396	666	-582		-119	-273
-406.5	666	-591		-129.5	-282
-399	670.5	-595.5		-122	-286.5
-391.5	678	-579		-114.5	-270
-400.5	672	-586.5		-123.5	-277.5
-394.5	667.5	-583.5		-117.5	-274.5
-393	675	-583.5		-116	-274.5
-405	676.5	-579		-128	-270
-400.5	664.5	-580.5		-123.5	-271.5
-397.5	669	-583.5		-120.5	-274.5
-400.5	673.5	-577.5		-123.5	-268.5
-397.5	667.5	-580.5		-120.5	-271.5
-402	661.5	-582		-125	-273
-399	672	-580.5		-122	-271.5
-399	666	-583.5		-122	-274.5
-402	672	-591		-125	-282
-393	672	-586.5		-116	-277.5
-400.5	669	-577.5		-123.5	-268.5
-385.5	669	-573		-108.5	-264
-363				-86	309
-340.5	672	-618		-63.5	-309
-343.5	667.5	-589.5		-66.5	-280.5
-336	675	-573		-59	-264
-342	682.5	-546		-65	-237
-343.5	673.5	-528		-66.5	-219
-348	670.5	-525		-71	-216
-354	663	-513		-77	-204
-360	664.5	-501		-83	-192
-357	669	-495		-80	-186
-360	664.5	-495		-83	-186
-378	661.5	-475.5		-101	-166.5
-391.5	661.5	-465		-114.5	-156
-402	660	-451.5		-125	-142.5
-403.5	664.5	-454.5		-126.5	-145.5
-414	667.5	-457.5		-137	-148.5
-415.5	661.5	-451.5		-138.5	-142.5
-444	657	-450		-167	-141
-457.5	663	-459		-180.5	-150
-463.5	663	-433.5		-186.5	-124.5
-475.5	676.5	-412.5		-198.5	-103.5
-472.5	670.5	-405		-195.5	-96
-483	679.5	-397.5		-206	-88.5
-486	679.5	-397.5		-209	-88.5
-490.5	679.5	-379.5		-213.5	-70.5
-495				-218	309
-496.5	676.5	-385.5		-219.5	-76.5
-505.5	675	-378		-228.5	-69
-514.5	682.5	-369		-237.5	-60
-513	670.5	-367.5		-236	-58.5
-516	673.5	-364.5		-239	-55.5
-531	673.5	-345		-254	-36
-531	669	-349.5		-254	-40.5
-534	666	-343.5		-257	-34.5
-531	672	-345		-254	-36
-532.5	670.5	-337.5		-255.5	-28.5
-529.5	690	-343.5		-252.5	-34.5
-522	688.5	-343.5		-245	-34.5
-531	682.5	-346.5		-254	-37.5
-529.5	682.5	-342		-252.5	-33
-532.5	684	-348		-255.5	-39
-529.5	685.5	-348		-252.5	-39
-525	685.5	-340.5		-248	-31.5
-526.5	685.5	-339		-249.5	-30
-529.5	681	-345		-252.5	-36
-531	681	-342		-254	-33
-532.5	687	-339		-255.5	-30
-517.5	682.5	-334.5		-240.5	-25.5
-525	682.5	-339		-248	-30
-529.5	675	-339		-252.5	-30
-520.5	681	-337.5		-243.5	-28.5
-528	678	-348		-251	-39
-528	681	-345		-251	-36
-526.5	679.5	-343.5		-249.5	-34.5
-525	685.5	-348		-248	-39
-529.5	679.5			-252.5	309
-522	673.5	-340.5		-245	-31.5
-534	679.5	-343.5		-257	-34.5
-523.5	684	-346.5		-246.5	-37.5
-528	676.5	-349.5		-251	-40.5
-531	676.5	-349.5		-254	-40.5
-529.5	678	-342		-252.5	-33
-522	679.5	-346.5		-245	-37.5
-529.5	681	-340.5		-252.5	-31.5
-520.5	681	-343.5		-243.5	-34.5
-531	685.5	-349.5		-254	-40.5
-525	684	-346.5		-248	-37.5
-522	678	-345		-245	-36
-525	685.5	-339		-248	-30
-526.5	681	-345		-249.5	-36
-528	679.5	-352.5		-251	-43.5
-532.5	684	-348		-255.5	-39
-532.5		-351		-255.5	-42
-540	682.5	-349.5		-263	-40.5
-525	679.5	-345		-248	-36
-535.5	679.5	-348		-258.5	-39
-528	690	-349.5		-251	-40.5
-528	675	-343.5		-251	-34.5
-523.5	675	-340.5		-246.5	-31.5
-529.5	682.5	-346.5		-252.5	-37.5
-528	679.5	-348		-251	-39
-522	688.5	-348		-245	-39
-528	678	-354		-251	-45
-532.5	684	-352.5		-255.5	-43.5
-540	676.5	-352.5		-263	-43.5
-531	679.5	-349.5		-254	-40.5
-540	679.5	-352.5		-263	-43.5
-537	678	-352.5		-260	-43.5
-531	676.5	-348		-254	-39
-529.5	678	-345		-252.5	-36
-529.5	669	-354		-252.5	-45
-535.5	675	-358.5		-258.5	-49.5
-540	676.5	-370.5		-263	-61.5
-528	669	-360		-251	-51
-507	682.5	-340.5		-230	-31.5
-480	681	-312		-203	-3
-465	679.5	-292.5		-188	16.5
-463.5	678	-279		-186.5	30
-445.5	672	-253.5		-168.5	55.5
-435	672	-222		-158	87
-423	670.5	-216		-146	93
-417	669	-208.5		-140	100.5
-400.5	676.5	-190.5		-123.5	118.5
-388.5	669	-175.5		-111.5	133.5
-384	666	-145.5		-107	163.5
-378	670.5	-108		-101	201
-366	658.5	-70.5		-89	238.5
-343.5	670.5	-39		-66.5	270
-337.5	675	-28.5		-60.5	280.5
-316.5	675	1.5		-39.5	310.5
-310.5	676.5	15		-33.5	324
-298.5	666			-21.5	309
-294	664.5	52.5		-17	361.5
-297	664.5	64.5		-20	373.5
-282	655.5	60		-5	369
-273	661.5	61.5		4	370.5
-268.5	660	54		8.5	363
-267	654	57		10	366
-250.5	660	60		26.5	369
-247.5	651	57		29.5	366
-244.5	655.5	63		32.5	372
-232.5	654	73.5		44.5	382.5
-222	648	75		55	384
-228	657	79.5		49	388.5
-217.5	646.5	79.5		59.5	388.5
-210	642	79.5		67	388.5
-205.5	646.5	81		71.5	390
-205.5	651	64.5		71.5	373.5
-204	643.5	75		73	384
-204	649.5	75		73	384
-196.5	645	70.5		80.5	379.5
-204	654	69		73	378
-210	649.5	72		67	381
-210	643.5	75		67	384
-204	652.5	72		73	381
-202.5	646.5	75		74.5	384
-208.5	649.5	72		68.5	381
-211.5	646.5	73.5		65.5	382.5
-205.5	639	72		71.5	381
-210	651	72		67	381
-205.5	648	64.5		71.5	373.5
-207	649.5	72		70	381
-201	646.5	69		76	378
-211.5	645	72		65.5	381
-207	652.5	70.5		70	379.5
-213	649.5	73.5		64	382.5
-204	642	73.5		73	382.5
-202.5	655.5	72		74.5	381
-196.5	646.5	69		80.5	378
-196.5	651	67.5		80.5	376.5
-193.5	654	66		83.5	375
-199.5	655.5	55.5		77.5	364.5
-198	654	67.5		79	376.5
-195	657	66		82	375
-196.5	649.5	60		80.5	369
-201	645	61.5		76	370.5
-204	648	57		73	366
-190.5	657	64.5		86.5	373.5
-187.5	658.5	64.5		89.5	373.5
-198	643.5	57		79	366
-201	648	61.5		76	370.5
-202.5	658.5	46.5		74.5	355.5
-198	646.5	42		79	351
-198	658.5	45		79	354
-199.5	648	40.5		77.5	349.5
-199.5	655.5	46.5		77.5	355.5
