187.5
186
184.5
177
184.5
183
177
183
186
181.5
178.5
189
180
186
180
177
178.5
171
177
178.5
177
175.5
174
186
181.5
184.5
181.5
195
184.5
183
187.5
189
166.5
153
132
108
87
64.5
40.5
6
-36
-37.5
-64.5
-78
-111
-123
-159
-180
-187.5
-186
-187.5
-184.5
-189
-187.5
-211.5
-217.5
-225
-237
-232.5
-237
-250.5
-253.5
-255
-252
-243
-229.5
-228
-217.5
-217.5
-220.5
-222
-201
-184.5
-195
-178.5
-118.5
-88.5
-61.5
-42
-3
-15
-6
-9
-1.5
-7.5
-1.5
13.5
40.5
54
46.5
49.5
58.5
85.5
96
124.5
144
157.5
163.5
184.5
189
195
220.5
228
246
247.5
247.5
246
247.5
241.5
240
228
223.5
219
205.5
202.5
192
187.5
177
168
174
162
157.5
162
171
163.5
166.5
160.5
163.5
166.5
162
177
174
165
177
163.5
132
97.5
67.5
46.5
19.5
-7.5
-30
-46.5
-49.5
-31.5
-3
36
64.5
93
118.5
126
144
151.5
150
160.5
163.5
163.5
159
159
165
169.5
186
198
223.5
217.5
208.5
216
213
222
228
241.5
252
247.5
253.5
252
246
252
250.5
238.5
231
229.5
235.5
229.5
225
216
208.5
183
183
184.5
160.5
145.5
126
112.5
94.5
67.5
46.5
31.5
18
-10.5
-36
-57
-78
-87
-78
-85.5
-84
-84
-90
-102
-121.5
-153
-168
-186
-190.5
-202.5
-220.5
-231
-235.5
-241.5
-238.5
-238.5
-240
-238.5
-237
-231
-238.5
-226.5
-211.5
-211.5
-192
-171
-171
-150
-126
-106.5
-90
-88.5
-93
-91.5
-81
-75
-45
-48
-40.5
-33
-30
-28.5
9
46.5
82.5
105
93
97.5
94.5
69
33
-9
-54
-91.5
-129
-157.5
-193.5
-210
-225
-229.5
-238.5
-237
-240
-243
-244.5
-237
-225
-225
-240
-231
-201
-169.5
-154.5
-157.5
-150
-159
-151.5
-117
-72
-42
-22.5
18
48
43.5
45
39
51
72
120
148.5
184.5
208.5
234
234
238.5
240
250.5
240
231
217.5
205.5
171
142.5
82.5
67.5
70.5
67.5
72
67.5
19.5
-18
-49.5
-73.5
-108
-132
-157.5
-181.5
-205.5
-226.5
-234
-232.5
-237
-235.5
-228
-235.5
-235.5
-229.5
-229.5
-190.5
-139.5
-96
-49.5
-13.5
16.5
46.5
54
55.5
48
46.5
55.5
45
49.5
58.5
52.5
55.5
51
54
52.5
61.5
100.5
159
199.5
225
252
250.5
240
225
198
166.5
142.5
118.5
106.5
66
43.5
30
28.5
34.5
72
136.5
183
211.5
231
249
252
243
228
214.5
189
189
169.5
108
85.5
13.5
-42
-87
-138
-165
-171
-177
-178.5
-178.5
-183
-207
-229.5
-240
-246
-232.5
-195
-160.5
-123
-73.5
-42
-6
40.5
72
88.5
75
78
81
73.5
73.5
76.5
